<textarea id="rawData">
   184
   204
   216
   211
   209
   228
   246
   252
   253
   244
   240
   192
   175
   177
   165
   178
   194
   202
   220
   193
   209
   207
   192
   222
   211
   152
   161
   156
   166
   180
   178
   157
   162
   185
   136
   184
   180
   188
   230
   215
   177
   140
   135
   151
   126
   153
   159
   170
   140
  128
  156
    166
  185
  174
 153
    109
       95
       82
     98
    129
   ,  128
    126
      129
   122
    133
    124
      110
      92
    123
       83
      91
       80
       90
     118
      135
     113
       91
       64
  88
    95
 49
 31
 24
 14
      10
      15
     53
    91
    67
     49
    49
      99
  77
    94
     68
    014/12/14,   48
      79
     78
    106
    125
  124
     91
    103
    128
    128
     100
      79
       52
      29
       34
     56
      65
      76
      47
      101
      59
       80
       38
      58
       72
       82
     137
    133
       82
     102
     110
     60
     103
      83
      59
     33
      16
      37
       15
       4
     -13
      68
       56
    83
      77
      72
    45
       44
      44
     57
       55
      63
      53
      20
      31
       55
      67
   72
      72
      54
      45
      99
    102
    67
      77
       90
    81
     74
     65
       63
      68
      98
     89
       87
    83
       82
      91
      107
      84
      75
    76
     103
       90
     139
     157
      113
     113
      95
      127
      92
      53
     68
      128
     178
      88
    126
     93
     93
     86
      93
    115
     69
     73
      89
      117
    113
    91
     111
    91
     86
     95
     94
     113
   117
    132
   142
     181
  196
    136
    155
 128
   200
     230
     134
     129
    144
    152
   171
    174
   121
    155
     204
     150
    139
    126
   118
      147
    142
     133
      158
     170
    194
     222
     155
     162
      194
     161
     191
     256
    175
   181
    167
     144
   149
     162
      140
     137
    147
      174
     199
     157
      199
    153
      158
     189
      165
      158
      154
      165
      161
      177
     177
     220
     318
     189
    189
      172
    150
      208
     240
      274
      213
      195
      175
     177
      227
    166
     153
    163
   185
      153
      151
     215
      240
    250
     218
    232
    242
     273
      331
     331
     291
     327
  282
    238
   258
    196
    176
    226
    287
     204
     196
     213
     211
      251
      256
      221
     205
     214
     254
     231
     217
    233
     183
    209
    197
      189
     176
    181
      194
  220
     242
   300
     215
     250
      284
     270
     230
     243
    252
     254
     230
      284
    254
     221
     166
     152
      168
     225
     249
     253
      265
    259
      231
    199
      252
     185
     209
   236
     253
      265
    195
      188
     171
   
    170
    169
    169
     185
    196 
</textarea>